                           Logit Regression Results                           
==============================================================================
Dep. Variable:               SEGRADES   No. Observations:                15826
Model:                          Logit   Df Residuals:                    15678
Method:                           MLE   Df Model:                          147
Date:                Wed, 22 Apr 2020   Pseudo R-squ.:                  0.4304
Time:                        11:23:06   Log-Likelihood:                -6248.7
converged:                       True   LL-Null:                       -10970.
Covariance Type:            nonrobust   LLR p-value:                     0.000
================================================================================
                   coef    std err          z      P>|z|      [0.025      0.975]
--------------------------------------------------------------------------------
const            1.6475      0.145     11.334      0.000       1.363       1.932
			PARENTAL ENGAGEMENT FEATURES
SEFUTUREX_2     -2.2019      0.105    -20.987      0.000      -2.408      -1.996
SEFUTUREX_3     -2.1551      0.097    -22.272      0.000      -2.345      -1.965
SEFUTUREX_4     -1.4854      0.074    -20.036      0.000      -1.631      -1.340
SEFUTUREX_5     -0.7587      0.065    -11.740      0.000      -0.885      -0.632
FSSPORTX_2      -0.6376      0.065     -9.880      0.000      -0.764      -0.511
FSMTNG_2        -0.0772      0.073     -1.061      0.289      -0.220       0.065
FSATCNFN_2       0.2649      0.062      4.296      0.000       0.144       0.386
FSFUNDRS_2      -0.1310      0.057     -2.302      0.021      -0.243      -0.019
FSCOUNSLR_2      0.4628      0.055      8.453      0.000       0.356       0.570
FSFREQ           0.0690      0.030      2.308      0.021       0.010       0.128
FHPLACE_2        0.3822      0.077      4.952      0.000       0.231       0.533
FHPLACE_3       -0.3535      0.245     -1.441      0.150      -0.834       0.127
FHHELP          -0.4091      0.037    -11.197      0.000      -0.481      -0.337
FOSTORY2X_2     -0.1129      0.054     -2.099      0.036      -0.218      -0.007
FOGAMES_2       -0.0912      0.055     -1.671      0.095      -0.198       0.016
FOBUILDX_2      -0.1702      0.054     -3.177      0.001      -0.275      -0.065
FOSPORT_2       -0.2351      0.059     -3.984      0.000      -0.351      -0.119
FORESPON_2       0.2658      0.061      4.358      0.000       0.146       0.385
FOHISTX_2        0.2207      0.055      4.017      0.000       0.113       0.328
FOLIBRAYX_2      0.0038      0.059      0.064      0.949      -0.113       0.120
FOBOOKSTX_2     -0.0436      0.057     -0.764      0.445      -0.155       0.068
FOCONCRTX_2     -0.1745      0.056     -3.094      0.002      -0.285      -0.064
FOGROUPX_2      -0.2040      0.052     -3.919      0.000      -0.306      -0.102
FOSPRTEVX_2     -0.0436      0.054     -0.811      0.418      -0.149       0.062
HDDEVIEPX_1     -0.8050      0.091     -8.823      0.000      -0.984      -0.626
HDDEVIEPX_2     -1.2985      0.292     -4.453      0.000      -1.870      -0.727
			SCHOOL CHARACTERISTICS 
FSSPPERF        -0.2161      0.032     -6.780      0.000      -0.279      -0.154
FSSPCOLL        -0.0500      0.032     -1.583      0.113      -0.112       0.012
FCSCHOOL        -0.3844      0.041     -9.485      0.000      -0.464      -0.305
FCTEACHR        -0.2815      0.034     -8.232      0.000      -0.349      -0.214
FCORDER          0.1449      0.035      4.104      0.000       0.076       0.214
FCSUPPRT         0.1589      0.037      4.262      0.000       0.086       0.232
FHHOME           0.1176      0.035      3.390      0.001       0.050       0.186
FHWKHRS          0.2674      0.037      7.184      0.000       0.194       0.340
S16NUMST        -0.0845      0.028     -2.992      0.003      -0.140      -0.029
				.
				.
				.
			PARENT CHARACTERISTICS
P1EDUC           0.2595      0.034      7.544      0.000       0.192       0.327
P2EDUC           0.1515      0.046      3.322      0.001       0.062       0.241
TTLHHINC         0.0994      0.037      2.689      0.007       0.027       0.172
ZIP18PO2         0.0822      0.029      2.845      0.004       0.026       0.139
				.
				.
				.
			STUDENT CHARACTERISTICS
HDHEALTH        -0.1019      0.024     -4.206      0.000      -0.149      -0.054
GRADE_7         -0.3500      0.125     -2.799      0.005      -0.595      -0.105
GRADE_8         -0.5192      0.121     -4.307      0.000      -0.755      -0.283
GRADE_9         -0.3591      0.124     -2.895      0.004      -0.602      -0.116
GRADE_10        -0.3753      0.122     -3.075      0.002      -0.614      -0.136
GRADE_11        -0.8913      0.121     -7.377      0.000      -1.128      -0.654
GRADE_12        -1.2935      0.125    -10.344      0.000      -1.539      -1.048
FHCAMT_2        -0.7131      0.059    -12.127      0.000      -0.828      -0.598
HDLEARN_2        1.0060      0.096     10.445      0.000       0.817       1.195
				.
				.
				.
================================================================================
